40	90	93	54	30	65	79	33	82	6	14	12	99	6	18	97
88	16	28	88	86	24	3	24	40	78	43	15	46	6	33	4
31	39	6	39	52	87	91	28	10	86	62	26	59	51	31	67
50	95	38	92	26	17	89	75	74	43	5	37	58	20	3	79
25	64	9	72	19	80	3	0	11	58	68	69	86	1	54	7
14	15	71	32	13	88	33	65	42	7	21	74	96	60	15	93
3	5	34	78	48	58	96	33	83	67	97	62	0	8	41	33
63	13	68	21	73	49	47	2	76	26	52	47	83	31	7	28
72	68	8	33	51	75	88	0	80	84	5	28	60	84	38	25
85	75	12	22	48	84	67	70	65	18	53	52	94	72	58	58
85	59	76	68	80	24	53	27	30	37	39	12	92	88	80	23
57	23	9	52	56	84	45	25	17	13	18	4	79	73	88	21
13	13	1	31	2	17	50	71	40	55	24	93	2	2	51	35
74	96	32	90	39	46	25	68	34	78	12	96	56	40	17	39
24	90	52	52	51	5	59	56	66	24	56	32	79	56	83	69
89	67	8	74	74	66	12	33	54	38	95	79	2	18	13	90

15	50	74	88	91	66	36	88	23	13	22	17	56	57	52	59
80	78	73	19	53	28	65	72	67	31	48	92	0	28	74	95
16	73	44	94	87	68	6	29	55	0	39	71	31	2	85	15
62	0	58	36	19	8	59	45	25	52	45	48	46	57	22	54
88	34	53	77	11	71	30	56	0	51	24	63	92	32	87	83
46	26	98	93	34	71	94	12	33	38	26	28	90	53	79	39
59	26	55	52	10	91	21	59	57	62	68	16	84	24	4	78
10	0	8	12	34	97	86	84	39	57	45	88	52	38	69	43
30	0	8	16	49	16	35	5	41	55	83	51	38	66	98	38
99	11	97	97	92	62	59	21	55	78	9	55	53	67	90	76
43	48	79	0	11	1	95	71	30	9	9	88	27	94	99	82
26	38	15	74	92	25	89	20	54	89	79	7	89	47	68	28
88	71	97	1	53	36	75	83	7	77	11	2	38	24	79	35
29	14	93	93	17	48	47	39	10	88	13	33	47	60	65	66
63	4	20	67	35	39	93	6	16	1	15	26	33	96	36	3
94	30	15	78	47	13	26	76	28	26	49	36	88	68	86	42